chrom	pos	period	prior	family	child	phenotype	posterior	newallele	mutsize	inparents	poocase	isnew	case_count	ctrl_count	unk_count	child_gt	mat_gt	pat_gt	encl_child	encl_mother	encl_father	encl_parent	long_mother	long_father	str_id
1	16625283	3	0.001	GIAB	HG002_NA24385_son	1	1.0	6	1	0	4	1	0	0	0	5,6	5,5	5,5	0	0	0	0	0	0	1_16625283
1	16899948	4	0.001	GIAB	HG002_NA24385_son	1	1.0	11	3	0	4	1	0	0	0	8,11	8,8	8,8	0	0	0	0	0	0	1_16899948
1	65895933	3	0.001	GIAB	HG002_NA24385_son	1	1.0	14	1	0	4	1	0	0	0	13,14	10,13	12,13	0	0	0	0	0	0	1_65895933
1	66512313	2	0.001	GIAB	HG002_NA24385_son	1	1.0	24	1	0	2	1	0	0	0	25,24	25,23	23,28	0	0	0	0	0	0	1_66512313
1	81068344	2	0.001	GIAB	HG002_NA24385_son	1	1.0	18	-1	1	2	1	0	0	0	18,18	18,22	19,20	0	0	0	0	0	0	1_81068344
1	143590061	2	0.001	GIAB	HG002_NA24385_son	1	1.0	16	1	1	2	0	0	2	2	16,16	16,16	15,15	0	0	0	0	0	0	1_143590061
1	143646054	2	0.001	GIAB	HG002_NA24385_son	1	1.0	10	-9	1	2	0	0	1	1	10,18	10,18	19,19	0	0	0	0	0	0	1_143646054
1	143676185	4	0.001	GIAB	HG002_NA24385_son	1	1.0	5	-1	1	2	0	0	2	2	5,5	5,5	6,6	0	0	0	0	0	0	1_143676185
1	143719568	2	0.001	GIAB	HG002_NA24385_son	1	0.994498	20	2	1	2	0	0	1	1	20,19	20,19	18,18	0	0	0	0	0	0	1_143719568
1	152082757	2	0.001	GIAB	HG002_NA24385_son	1	1.0	30	-2	1	3	1	0	0	0	30,30	15,32	30,33	0	0	0	0	0	0	1_152082757
1	155689908	2	0.001	GIAB	HG002_NA24385_son	1	1.0	10	1	0	4	1	0	1	0	10,9	9,9	9,9	0	0	0	0	0	0	1_155689908
1	193971108	4	0.001	GIAB	HG002_NA24385_son	1	1.0	12	-1	1	2	0	0	1	1	12,11	12,11	10,13	0	0	0	0	0	0	1_193971108
1	205996144	2	0.001	GIAB	HG002_NA24385_son	1	0.995025	19	1	0	3	1	0	0	0	14,19	20,18	14,18	0	0	0	0	0	0	1_205996144
1	218616558	2	0.001	GIAB	HG002_NA24385_son	1	1.0	25	2	0	2	1	0	0	0	16,25	8,16	8,23	0	0	0	0	0	0	1_218616558
1	241606547	4	0.001	GIAB	HG002_NA24385_son	1	1.0	10	-1	1	3	0	0	2	2	10,10	11,11	10,10	0	0	0	0	0	0	1_241606547
2	25811056	2	0.001	GIAB	HG002_NA24385_son	1	1.0	25	2	0	2	1	0	0	0	25,27	23,27	21,23	0	0	0	0	0	0	2_25811056
2	26296729	2	0.001	GIAB	HG002_NA24385_son	1	1.0	20	-3	1	2	1	0	0	0	20,27	20,27	23,26	0	0	0	0	0	0	2_26296729
2	29494844	2	0.001	GIAB	HG002_NA24385_son	1	1.0	17	1	1	3	0	0	2	1	17,17	16,15	17,18	0	0	0	0	0	0	2_29494844
2	40798734	2	0.001	GIAB	HG002_NA24385_son	1	1.0	29	-1	0	2	1	0	0	0	26,29	25,26	30,33	0	0	0	0	0	0	2_40798734
2	41067362	2	0.001	GIAB	HG002_NA24385_son	1	1.0	25	-1	0	2	1	0	1	0	25,22	22,24	21,26	0	0	0	0	0	0	2_41067362
2	41939326	2	0.001	GIAB	HG002_NA24385_son	1	0.994325	24	-1	0	2	1	0	1	0	20,24	20,20	23,25	0	0	0	0	0	0	2_41939326
2	48515217	2	0.001	GIAB	HG002_NA24385_son	1	1.0	25	1	0	2	1	0	0	0	19,25	19,20	24,24	0	0	0	0	0	0	2_48515217
2	86760966	2	0.001	GIAB	HG002_NA24385_son	1	1.0	20	-1	0	4	1	0	1	0	18,20	18,21	19,18	0	0	0	0	0	0	2_86760966
2	116834017	4	0.001	GIAB	HG002_NA24385_son	1	1.0	14	1	0	2	1	0	0	0	12,14	12,5	13,13	0	0	0	0	0	0	2_116834017
2	136802640	2	0.001	GIAB	HG002_NA24385_son	1	1.0	27	1	0	2	1	0	0	0	24,27	13,24	21,26	0	0	0	0	0	0	2_136802640
2	138939366	2	0.001	GIAB	HG002_NA24385_son	1	1.0	23	2	0	3	1	0	0	0	23,18	25,21	18,18	0	0	0	0	0	0	2_138939366
2	141795858	2	0.001	GIAB	HG002_NA24385_son	1	1.0	27	-2	0	3	1	0	0	0	27,28	8,29	28,31	0	0	0	0	0	0	2_141795858
2	161488513	4	0.001	GIAB	HG002_NA24385_son	1	0.9711569999999999	14	-1	1	3	1	0	0	0	14,14	15,15	14,16	0	0	0	0	0	0	2_161488513
2	174674904	2	0.001	GIAB	HG002_NA24385_son	1	0.9840639999999999	22	-1	0	2	1	0	0	0	21,22	21,21	20,23	0	0	0	0	0	0	2_174674904
2	176228140	2	0.001	GIAB	HG002_NA24385_son	1	1.0	21	-1	0	4	1	0	0	0	14,21	12,14	14,22	0	0	0	0	0	0	2_176228140
2	187161208	2	0.001	GIAB	HG002_NA24385_son	1	1.0	24	-1	0	3	1	0	0	0	18,24	25,26	18,26	0	0	0	0	0	0	2_187161208
2	187341097	2	0.001	GIAB	HG002_NA24385_son	1	1.0	22	-2	0	2	1	0	0	0	22,26	26,30	24,29	0	0	0	0	0	0	2_187341097
2	187937981	2	0.001	GIAB	HG002_NA24385_son	1	1.0	24	1	0	3	1	0	1	0	19,24	16,23	19,19	0	0	0	0	0	0	2_187937981
2	189290718	2	0.001	GIAB	HG002_NA24385_son	1	1.0	24	1	0	3	1	0	0	0	19,24	22,23	19,19	0	0	0	0	0	0	2_189290718
2	207472124	3	0.001	GIAB	HG002_NA24385_son	1	1.0	17	1	1	3	1	0	0	0	17,17	7,16	15,17	0	0	0	0	0	0	2_207472124
2	212349288	2	0.001	GIAB	HG002_NA24385_son	1	1.0	15	-1	0	2	1	0	0	0	17,15	17,16	16,16	0	0	0	0	0	0	2_212349288
2	226661474	2	0.001	GIAB	HG002_NA24385_son	1	1.0	17	1	0	4	1	0	0	0	16,17	16,16	16,16	0	0	0	0	0	0	2_226661474
2	232944727	2	0.001	GIAB	HG002_NA24385_son	1	1.0	24	1	0	3	1	0	0	0	20,24	11,23	20,26	0	0	0	0	0	0	2_232944727
3	4857265	2	0.001	GIAB	HG002_NA24385_son	1	1.0	13	1	0	4	1	0	1	0	13,12	12,12	12,12	0	0	0	0	0	0	3_4857265
3	10512465	2	0.001	GIAB	HG002_NA24385_son	1	1.0	31	2	0	2	1	0	0	0	25,31	25,29	29,29	0	0	0	0	0	0	3_10512465
3	10690433	4	0.001	GIAB	HG002_NA24385_son	1	1.0	11	1	0	2	1	0	1	0	11,12	10,12	10,10	0	0	0	0	0	0	3_10690433
3	29779707	2	0.001	GIAB	HG002_NA24385_son	1	1.0	23	-1	0	4	1	0	0	0	9,23	9,25	9,24	0	0	0	0	0	0	3_29779707
3	42138877	2	0.001	GIAB	HG002_NA24385_son	1	1.0	29	1	0	3	1	0	0	0	23,29	28,26	23,26	0	0	0	0	0	0	3_42138877
3	46806527	3	0.001	GIAB	HG002_NA24385_son	1	0.984641	15	-1	1	3	0	0	2	2	15,15	16,16	15,15	0	0	0	0	0	0	3_46806527
3	87257943	3	0.001	GIAB	HG002_NA24385_son	1	1.0	14	1	0	3	1	0	0	0	14,15	13,16	15,17	0	0	0	0	0	0	3_87257943
3	96399932	4	0.001	GIAB	HG002_NA24385_son	1	1.0	14	1	0	4	1	0	1	0	12,14	12,13	12,12	0	0	0	0	0	0	3_96399932
3	106204330	2	0.001	GIAB	HG002_NA24385_son	1	1.0	22	2	0	4	1	0	0	0	19,22	19,20	9,19	0	0	0	0	0	0	3_106204330
3	131708958	2	0.001	GIAB	HG002_NA24385_son	1	1.0	30	-1	0	2	1	0	0	0	16,30	16,20	22,31	0	0	0	0	0	0	3_131708958
3	155772773	2	0.001	GIAB	HG002_NA24385_son	1	1.0	23	-1	1	3	1	0	0	0	23,23	20,24	23,23	0	0	0	0	0	0	3_155772773
3	156987023	5	0.001	GIAB	HG002_NA24385_son	1	1.0	16	1	0	4	1	0	0	0	13,16	13,15	13,15	0	0	0	0	0	0	3_156987023
3	162815807	4	0.001	GIAB	HG002_NA24385_son	1	1.0	11	2	1	3	1	0	0	0	11,11	9,9	9,11	0	0	0	0	0	0	3_162815807
3	162820652	2	0.001	GIAB	HG002_NA24385_son	1	0.998231	17	1	1	3	1	0	0	0	17,17	16,16	16,17	0	0	0	0	0	0	3_162820652
3	174654061	2	0.001	GIAB	HG002_NA24385_son	1	1.0	21	1	0	4	1	0	0	0	20,21	20,20	20,20	0	0	0	0	0	0	3_174654061
4	17174640	2	0.001	GIAB	HG002_NA24385_son	1	1.0	27	1	0	2	1	0	0	0	21,27	21,22	22,26	0	0	0	0	0	0	4_17174640
4	34179004	4	0.001	GIAB	HG002_NA24385_son	1	1.0	13	1	0	2	1	0	0	0	8,13	8,10	11,12	0	0	0	0	0	0	4_34179004
4	42763303	2	0.001	GIAB	HG002_NA24385_son	1	1.0	26	-1	0	2	1	0	0	0	17,26	17,23	24,27	0	0	0	0	0	0	4_42763303
4	52875803	2	0.001	GIAB	HG002_NA24385_son	1	1.0	27	-1	0	2	1	0	1	0	27,23	23,24	28,30	0	0	0	0	0	0	4_52875803
4	69127280	2	0.001	GIAB	HG002_NA24385_son	1	1.0	22	1	0	4	1	0	0	0	26,22	26,21	26,26	0	0	0	0	0	0	4_69127280
4	69323894	7	0.001	GIAB	HG002_NA24385_son	1	1.0	3	-1	1	3	0	0	2	2	3,3	4,4	3,3	0	0	0	0	0	0	4_69323894
4	69336035	2	0.001	GIAB	HG002_NA24385_son	1	1.0	10	-2	1	3	0	0	0	2	10,10	12,12	10,10	0	0	0	0	0	0	4_69336035
4	69965409	2	0.001	GIAB	HG002_NA24385_son	1	1.0	21	2	0	2	1	0	0	0	13,21	12,13	19,24	0	0	0	0	0	0	4_69965409
4	70242279	5	0.001	GIAB	HG002_NA24385_son	1	1.0	7	-1	1	3	1	0	0	0	7,7	8,8	5,7	0	0	0	0	0	0	4_70242279
4	97729064	2	0.001	GIAB	HG002_NA24385_son	1	1.0	29	1	0	2	1	0	0	0	15,29	15,27	26,28	0	0	0	0	0	0	4_97729064
4	133554926	2	0.001	GIAB	HG002_NA24385_son	1	1.0	22	1	0	2	1	0	0	0	22,25	20,25	19,21	0	0	0	0	0	0	4_133554926
4	159786557	4	0.001	GIAB	HG002_NA24385_son	1	1.0	13	1	1	2	1	0	0	0	13,13	10,13	11,12	0	0	0	0	0	0	4_159786557
4	159923885	2	0.001	GIAB	HG002_NA24385_son	1	1.0	24	1	0	4	1	0	0	0	23,24	20,23	23,23	0	0	0	0	0	0	4_159923885
4	173745084	2	0.001	GIAB	HG002_NA24385_son	1	0.911932	17	-1	0	4	1	0	0	0	18,17	18,20	18,20	0	0	0	0	0	0	4_173745084
4	176905166	2	0.001	GIAB	HG002_NA24385_son	1	1.0	29	1	0	2	1	0	0	0	13,29	23,13	24,28	0	0	0	0	0	0	4_176905166
4	181691236	2	0.001	GIAB	HG002_NA24385_son	1	1.0	11	1	0	4	1	0	1	0	8,11	10,8	10,8	0	0	0	0	0	0	4_181691236
4	186176918	2	0.001	GIAB	HG002_NA24385_son	1	1.0	9	-8	1	3	1	0	0	0	9,9	17,17	9,9	0	0	0	0	0	0	4_186176918
5	13823547	5	0.001	GIAB	HG002_NA24385_son	1	1.0	1	-1	0	4	1	0	0	0	2,1	2,2	2,2	0	0	0	0	0	0	5_13823547
5	16974747	2	0.001	GIAB	HG002_NA24385_son	1	1.0	6	-1	0	4	1	0	0	0	7,6	7,7	7,7	0	0	0	0	0	0	5_16974747
5	26883042	2	0.001	GIAB	HG002_NA24385_son	1	1.0	26	-1	1	2	1	0	0	0	26,26	25,26	27,28	0	0	0	0	0	0	5_26883042
5	35011916	2	0.001	GIAB	HG002_NA24385_son	1	1.0	23	1	0	3	1	0	1	0	21,23	20,22	21,19	0	0	0	0	0	0	5_35011916
5	38726949	2	0.001	GIAB	HG002_NA24385_son	1	1.0	12	1	0	4	1	0	0	0	10,12	10,11	10,9	0	0	0	0	0	0	5_38726949
5	63187765	2	0.001	GIAB	HG002_NA24385_son	1	1.0	25	1	1	3	1	0	0	0	25,25	18,24	18,25	0	0	0	0	0	0	5_63187765
5	77551981	5	0.001	GIAB	HG002_NA24385_son	1	1.0	14	1	0	2	1	0	0	0	10,14	10,15	13,16	0	0	0	0	0	0	5_77551981
5	77664359	4	0.001	GIAB	HG002_NA24385_son	1	1.0	13	1	0	4	1	0	1	0	13,11	11,11	11,12	0	0	0	0	0	0	5_77664359
5	107498957	4	0.001	GIAB	HG002_NA24385_son	1	1.0	13	1	1	2	1	0	0	0	13,13	12,13	12,12	0	0	0	0	0	0	5_107498957
5	110490122	4	0.001	GIAB	HG002_NA24385_son	1	1.0	20	-1	0	2	1	0	0	0	19,20	15,19	17,21	0	0	0	0	0	0	5_110490122
5	140098656	4	0.001	GIAB	HG002_NA24385_son	1	1.0	13	1	0	4	1	0	0	0	12,13	12,12	12,11	0	0	0	0	0	0	5_140098656
5	154426302	5	0.001	GIAB	HG002_NA24385_son	1	1.0	8	3	1	2	1	0	0	0	8,8	7,8	5,5	0	0	0	0	0	0	5_154426302
5	159212677	2	0.001	GIAB	HG002_NA24385_son	1	1.0	17	1	0	2	0	0	1	1	17,18	18,19	16,20	0	0	0	0	0	0	5_159212677
5	161428289	2	0.001	GIAB	HG002_NA24385_son	1	1.0	18	1	0	4	1	0	0	0	17,18	17,17	17,17	0	0	0	0	0	0	5_161428289
5	179391443	2	0.001	GIAB	HG002_NA24385_son	1	1.0	20	-1	0	3	1	0	0	0	10,20	21,25	10,22	0	0	0	0	0	0	5_179391443
6	32710320	4	0.001	GIAB	HG002_NA24385_son	1	0.987275	5	1	0	4	1	0	0	0	5,4	4,4	6,4	0	0	0	0	0	0	6_32710320
6	35797483	2	0.001	GIAB	HG002_NA24385_son	1	1.0	20	1	0	2	1	0	1	0	20,17	17,19	18,19	0	0	0	0	0	0	6_35797483
6	41663310	2	0.001	GIAB	HG002_NA24385_son	1	0.9961479999999999	30	-2	0	2	1	0	0	0	30,35	33,35	32,32	0	0	0	0	0	0	6_41663310
6	42779224	2	0.001	GIAB	HG002_NA24385_son	1	1.0	27	-2	0	2	0	0	0	1	22,27	25,22	23,29	0	0	0	0	0	0	6_42779224
6	48890594	2	0.001	GIAB	HG002_NA24385_son	1	1.0	23	-1	0	3	0	0	0	1	8,23	21,24	22,8	0	0	0	0	0	0	6_48890594
6	67768843	4	0.001	GIAB	HG002_NA24385_son	1	1.0	15	-1	0	2	0	0	0	1	14,15	14,13	12,16	0	0	0	0	0	0	6_67768843
6	86089722	2	0.001	GIAB	HG002_NA24385_son	1	1.0	7	1	0	4	0	0	0	1	6,7	6,6	6,6	0	0	0	0	0	0	6_86089722
6	103298935	2	0.001	GIAB	HG002_NA24385_son	1	0.9716819999999999	16	1	1	2	1	0	0	0	16,16	16,16	15,15	0	0	0	0	0	0	6_103298935
6	104550308	2	0.001	GIAB	HG002_NA24385_son	1	1.0	22	-1	1	3	0	0	1	1	22,21	19,23	22,21	0	0	0	0	0	0	6_104550308
6	115322245	2	0.001	GIAB	HG002_NA24385_son	1	1.0	23	1	1	2	0	0	2	1	23,23	23,21	20,22	0	0	0	0	0	0	6_115322245
6	125216530	2	0.001	GIAB	HG002_NA24385_son	1	1.0	24	1	0	2	0	0	1	1	19,24	14,19	23,14	0	0	0	0	0	0	6_125216530
6	131503922	2	0.001	GIAB	HG002_NA24385_son	1	1.0	19	1	0	2	1	0	1	0	12,19	12,12	18,18	0	0	0	0	0	0	6_131503922
6	138775862	5	0.001	GIAB	HG002_NA24385_son	1	1.0	4	1	1	2	1	0	0	0	4,4	3,4	3,3	0	0	0	0	0	0	6_138775862
6	160919283	2	0.001	GIAB	HG002_NA24385_son	1	1.0	23	1	0	3	1	0	0	0	12,23	20,22	12,20	0	0	0	0	0	0	6_160919283
7	12858368	4	0.001	GIAB	HG002_NA24385_son	1	1.0	11	1	0	4	1	0	1	0	11,10	10,12	10,12	0	0	0	0	0	0	7_12858368
7	52978857	2	0.001	GIAB	HG002_NA24385_son	1	1.0	23	-1	0	2	1	0	0	0	10,23	10,18	16,24	0	0	0	0	0	0	7_52978857
7	85582703	2	0.001	GIAB	HG002_NA24385_son	1	1.0	24	1	0	3	1	0	0	0	20,24	11,23	11,20	0	0	0	0	0	0	7_85582703
7	94865222	3	0.001	GIAB	HG002_NA24385_son	1	1.0	13	1	1	2	1	0	0	0	13,13	13,13	9,12	0	0	0	0	0	0	7_94865222
7	113814730	2	0.001	GIAB	HG002_NA24385_son	1	1.0	25	1	0	3	1	0	0	0	22,25	9,24	20,22	0	0	0	0	0	0	7_113814730
7	118196701	4	0.001	GIAB	HG002_NA24385_son	1	1.0	12	-1	0	4	0	0	0	1	9,12	8,9	9,13	0	0	0	0	0	0	7_118196701
7	143134184	2	0.001	GIAB	HG002_NA24385_son	1	1.0	25	9	1	3	0	0	2	1	25,25	16,16	25,22	0	0	0	0	0	0	7_143134184
7	143158795	4	0.001	GIAB	HG002_NA24385_son	1	1.0	12	1	1	3	1	0	0	0	12,12	11,11	12,12	0	0	0	0	0	0	7_143158795
8	15443337	2	0.001	GIAB	HG002_NA24385_son	1	1.0	24	1	0	2	1	0	0	0	22,24	22,23	20,23	0	0	0	0	0	0	8_15443337
8	40065860	2	0.001	GIAB	HG002_NA24385_son	1	1.0	25	-1	0	2	1	0	0	0	8,25	8,12	12,26	0	0	0	0	0	0	8_40065860
8	63456198	2	0.001	GIAB	HG002_NA24385_son	1	1.0	20	-1	0	4	1	0	0	0	20,21	21,21	16,21	0	0	0	0	0	0	8_63456198
8	65713440	2	0.001	GIAB	HG002_NA24385_son	1	1.0	27	3	0	3	1	0	0	0	21,27	20,24	14,21	0	0	0	0	0	0	8_65713440
8	67560161	2	0.001	GIAB	HG002_NA24385_son	1	1.0	12	-1	1	2	1	0	0	0	12,12	12,12	9,13	0	0	0	0	0	0	8_67560161
8	75634100	2	0.001	GIAB	HG002_NA24385_son	1	1.0	22	1	0	2	1	0	0	0	14,22	14,21	15,21	0	0	0	0	0	0	8_75634100
8	78474105	2	0.001	GIAB	HG002_NA24385_son	1	1.0	27	1	0	2	1	0	1	0	27,25	25,25	22,26	0	0	0	0	0	0	8_78474105
8	93186495	4	0.001	GIAB	HG002_NA24385_son	1	1.0	20	-2	1	2	1	0	0	0	20,21	20,21	22,22	0	0	0	0	0	0	8_93186495
8	95742194	5	0.001	GIAB	HG002_NA24385_son	1	1.0	2	-1	0	4	1	0	0	0	3,2	3,3	3,3	0	0	0	0	0	0	8_95742194
8	100918409	2	0.001	GIAB	HG002_NA24385_son	1	1.0	27	-1	0	2	1	0	0	0	21,27	21,25	20,28	0	0	0	0	0	0	8_100918409
8	117450996	2	0.001	GIAB	HG002_NA24385_son	1	1.0	19	-1	0	2	1	0	0	0	14,19	14,16	20,20	0	0	0	0	0	0	8_117450996
8	119649412	5	0.001	GIAB	HG002_NA24385_son	1	1.0	5	1	0	4	1	0	0	0	4,5	4,4	4,4	0	0	0	0	0	0	8_119649412
8	137916889	2	0.001	GIAB	HG002_NA24385_son	1	1.0	25	1	0	2	1	0	0	0	23,25	23,23	17,24	0	0	0	0	0	0	8_137916889
9	4871943	5	0.001	GIAB	HG002_NA24385_son	1	1.0	15	2	1	2	0	0	1	1	15,14	15,14	12,13	0	0	0	0	0	0	9_4871943
9	15363371	2	0.001	GIAB	HG002_NA24385_son	1	1.0	24	-1	0	4	0	0	1	2	24,25	25,26	20,25	0	0	0	0	0	0	9_15363371
9	18756077	2	0.001	GIAB	HG002_NA24385_son	1	0.9970950000000001	17	-1	0	2	1	0	0	0	23,17	23,18	18,18	0	0	0	0	0	0	9_18756077
9	28664997	2	0.001	GIAB	HG002_NA24385_son	1	1.0	19	-1	0	2	1	0	0	0	17,19	11,17	20,22	0	0	0	0	0	0	9_28664997
9	91666922	2	0.001	GIAB	HG002_NA24385_son	1	0.9691280000000001	16	-1	0	4	0	0	1	3	16,17	17,19	17,17	0	0	0	0	0	0	9_91666922
10	8728145	2	0.001	GIAB	HG002_NA24385_son	1	1.0	27	1	0	2	1	0	0	0	22,27	22,22	24,26	0	0	0	0	0	0	10_8728145
10	43841174	2	0.001	GIAB	HG002_NA24385_son	1	1.0	22	-2	0	4	1	0	0	0	13,22	13,24	13,13	0	0	0	0	0	0	10_43841174
10	49005890	2	0.001	GIAB	HG002_NA24385_son	1	1.0	22	-1	0	2	1	0	0	0	13,22	13,13	15,23	0	0	0	0	0	0	10_49005890
10	55374085	3	0.001	GIAB	HG002_NA24385_son	1	1.0	16	1	0	4	1	0	0	0	11,16	11,15	11,14	0	0	0	0	0	0	10_55374085
10	60382798	2	0.001	GIAB	HG002_NA24385_son	1	1.0	14	1	0	4	1	0	1	0	14,13	12,13	13,15	0	0	0	0	0	0	10_60382798
10	100721127	2	0.001	GIAB	HG002_NA24385_son	1	0.9968	18	1	1	2	0	0	1	1	18,21	18,21	17,17	0	0	0	0	0	0	10_100721127
10	104439705	3	0.001	GIAB	HG002_NA24385_son	1	1.0	16	1	0	4	1	0	0	0	9,16	9,9	9,15	0	0	0	0	0	0	10_104439705
10	104751925	2	0.001	GIAB	HG002_NA24385_son	1	1.0	27	1	0	2	1	0	0	0	24,27	24,28	17,26	0	0	0	0	0	0	10_104751925
10	108073021	2	0.001	GIAB	HG002_NA24385_son	1	0.92217	25	1	0	4	1	0	1	0	24,25	24,23	24,24	0	0	0	0	0	0	10_108073021
10	111599233	2	0.001	GIAB	HG002_NA24385_son	1	1.0	27	-2	0	2	1	0	0	0	22,27	9,22	8,29	0	0	0	0	0	0	10_111599233
11	11699559	2	0.001	GIAB	HG002_NA24385_son	1	0.9958030000000001	23	-1	1	2	0	0	0	1	23,23	22,23	22,24	0	0	0	0	0	0	11_11699559
11	34706801	2	0.001	GIAB	HG002_NA24385_son	1	1.0	6	-1	1	3	0	0	2	2	6,6	7,7	6,6	0	0	0	0	0	0	11_34706801
11	55608898	2	0.001	GIAB	HG002_NA24385_son	1	1.0	24	3	1	2	1	0	0	0	24,24	19,24	21,21	0	0	0	0	0	0	11_55608898
11	83633744	2	0.001	GIAB	HG002_NA24385_son	1	1.0	24	2	0	3	1	0	0	0	21,24	19,22	20,21	0	0	0	0	0	0	11_83633744
11	109047312	2	0.001	GIAB	HG002_NA24385_son	1	1.0	20	-1	0	2	1	0	0	0	20,26	22,26	21,29	0	0	0	0	0	0	11_109047312
11	109393194	4	0.001	GIAB	HG002_NA24385_son	1	1.0	11	-1	1	2	1	0	0	0	11,11	11,14	13,12	0	0	0	0	0	0	11_109393194
11	111971725	6	0.001	GIAB	HG002_NA24385_son	1	1.0	8	1	0	4	1	0	0	0	7,8	7,7	7,7	0	0	0	0	0	0	11_111971725
11	128219391	2	0.001	GIAB	HG002_NA24385_son	1	0.9770120000000001	22	-1	0	4	1	0	0	0	22,23	23,26	25,23	0	0	0	0	0	0	11_128219391
11	134895861	3	0.001	GIAB	HG002_NA24385_son	1	1.0	3	-1	0	4	1	0	0	0	4,3	4,4	4,4	0	0	0	0	0	0	11_134895861
12	14174695	2	0.001	GIAB	HG002_NA24385_son	1	1.0	24	2	0	4	1	0	0	0	22,24	16,22	22,22	0	0	0	0	0	0	12_14174695
12	22198523	2	0.001	GIAB	HG002_NA24385_son	1	1.0	25	1	0	4	1	0	0	0	23,25	23,23	23,24	0	0	0	0	0	0	12_22198523
12	45702015	2	0.001	GIAB	HG002_NA24385_son	1	1.0	26	-1	0	3	1	0	0	0	19,26	14,27	19,25	0	0	0	0	0	0	12_45702015
12	55369901	2	0.001	GIAB	HG002_NA24385_son	1	1.0	14	-5	1	2	0	0	1	1	14,18	14,18	9,19	0	0	0	0	0	0	12_55369901
12	65193733	2	0.001	GIAB	HG002_NA24385_son	1	0.972193	27	-1	0	2	1	0	0	0	23,27	20,23	14,28	0	0	0	0	0	0	12_65193733
12	95618095	3	0.001	GIAB	HG002_NA24385_son	1	1.0	8	1	1	2	1	0	0	0	8,8	7,8	7,7	0	0	0	0	0	0	12_95618095
13	34069896	2	0.001	GIAB	HG002_NA24385_son	1	0.9939180000000001	19	2	1	3	1	0	0	0	19,19	17,17	19,19	0	0	0	0	0	0	13_34069896
13	34697991	2	0.001	GIAB	HG002_NA24385_son	1	1.0	21	1	0	2	1	0	0	0	21,22	23,22	23,20	0	0	0	0	0	0	13_34697991
13	55421072	2	0.001	GIAB	HG002_NA24385_son	1	1.0	24	-2	0	2	1	0	0	0	11,24	11,11	22,26	0	0	0	0	0	0	13_55421072
13	61127548	2	0.001	GIAB	HG002_NA24385_son	1	1.0	30	1	0	2	1	0	0	0	27,30	12,27	20,29	0	0	0	0	0	0	13_61127548
13	78174569	4	0.001	GIAB	HG002_NA24385_son	1	1.0	11	-1	0	4	1	0	1	0	11,9	12,9	9,9	0	0	0	0	0	0	13_78174569
13	82535951	2	0.001	GIAB	HG002_NA24385_son	1	1.0	27	-1	0	2	1	0	0	0	11,27	11,11	28,15	0	0	0	0	0	0	13_82535951
13	83075355	2	0.001	GIAB	HG002_NA24385_son	1	1.0	29	2	0	2	1	0	0	0	24,29	24,23	23,27	0	0	0	0	0	0	13_83075355
13	86689489	2	0.001	GIAB	HG002_NA24385_son	1	1.0	30	2	0	3	1	0	0	0	20,30	27,28	18,20	0	0	0	0	0	0	13_86689489
13	87378219	2	0.001	GIAB	HG002_NA24385_son	1	1.0	25	1	0	2	1	0	0	0	22,25	14,22	14,24	0	0	0	0	0	0	13_87378219
13	87992034	2	0.001	GIAB	HG002_NA24385_son	1	1.0	29	-1	0	4	1	0	0	0	17,29	17,9	17,30	0	0	0	0	0	0	13_87992034
13	88847454	2	0.001	GIAB	HG002_NA24385_son	1	1.0	23	1	0	3	1	0	0	0	18,23	16,22	18,12	0	0	0	0	0	0	13_88847454
13	96136683	2	0.001	GIAB	HG002_NA24385_son	1	1.0	21	-3	1	3	1	0	0	0	21,23	10,24	21,23	0	0	0	0	0	0	13_96136683
13	106714752	3	0.001	GIAB	HG002_NA24385_son	1	1.0	15	-2	0	3	1	0	0	0	12,15	7,17	12,17	0	0	0	0	0	0	13_106714752
14	20944963	3	0.001	GIAB	HG002_NA24385_son	1	0.9976860000000001	13	-1	1	3	1	0	0	0	13,13	14,14	14,13	0	0	0	0	0	0	14_20944963
14	38818308	2	0.001	GIAB	HG002_NA24385_son	1	1.0	15	-1	1	2	1	0	0	0	15,22	15,22	13,16	0	0	0	0	0	0	14_38818308
14	46485731	2	0.001	GIAB	HG002_NA24385_son	1	1.0	20	2	0	2	0	0	0	1	16,20	16,23	8,18	0	0	0	0	0	0	14_46485731
14	52336170	2	0.001	GIAB	HG002_NA24385_son	1	0.958937	27	1	0	3	1	0	0	0	23,27	24,26	23,24	0	0	0	0	0	0	14_52336170
15	29965187	4	0.001	GIAB	HG002_NA24385_son	1	0.998566	7	-1	0	4	1	0	0	0	7,7	8,8	8,8	0	0	0	0	0	0	15_29965187
15	60671068	2	0.001	GIAB	HG002_NA24385_son	1	1.0	17	-1	0	2	0	0	0	1	17,24	11,24	10,18	0	0	0	0	0	0	15_60671068
15	80005482	5	0.001	GIAB	HG002_NA24385_son	1	1.0	2	-1	0	4	1	0	0	0	3,2	3,3	3,3	0	0	0	0	0	0	15_80005482
15	89959389	2	0.001	GIAB	HG002_NA24385_son	1	0.9981639999999999	19	1	0	4	0	0	1	2	19,20	18,20	18,20	0	0	0	0	0	0	15_89959389
16	8407893	2	0.001	GIAB	HG002_NA24385_son	1	1.0	28	2	0	3	1	0	0	0	16,28	19,26	16,19	0	0	0	0	0	0	16_8407893
16	14096052	4	0.001	GIAB	HG002_NA24385_son	1	1.0	13	-1	0	2	1	0	0	0	10,13	10,10	12,14	0	0	0	0	0	0	16_14096052
16	21572545	4	0.001	GIAB	HG002_NA24385_son	1	0.992476	9	-1	0	4	1	0	0	0	11,9	11,10	11,12	0	0	0	0	0	0	16_21572545
16	64691803	2	0.001	GIAB	HG002_NA24385_son	1	1.0	16	1	1	2	0	0	2	2	16,16	16,16	15,13	0	0	0	0	0	0	16_64691803
16	80590820	3	0.001	GIAB	HG002_NA24385_son	1	1.0	16	-2	0	3	1	0	0	0	11,16	13,18	11,15	0	0	0	0	0	0	16_80590820
16	89426530	2	0.001	GIAB	HG002_NA24385_son	1	1.0	15	-4	0	4	1	0	0	0	15,21	19,21	21,21	0	0	0	0	0	0	16_89426530
17	6750443	2	0.001	GIAB	HG002_NA24385_son	1	1.0	17	1	0	4	0	0	0	1	16,17	16,20	16,16	0	0	0	0	0	0	17_6750443
17	27921783	4	0.001	GIAB	HG002_NA24385_son	1	1.0	13	1	0	4	1	0	0	0	12,13	9,12	9,12	0	0	0	0	0	0	17_27921783
17	36182339	2	0.001	GIAB	HG002_NA24385_son	1	1.0	9	-1	1	3	0	0	0	1	9,9	8,10	8,9	0	0	0	0	0	0	17_36182339
17	36192902	2	0.001	GIAB	HG002_NA24385_son	1	1.0	24	2	1	3	1	0	0	0	24,24	17,22	22,24	0	0	0	0	0	0	17_36192902
17	36217593	4	0.001	GIAB	HG002_NA24385_son	1	1.0	7	-5	1	3	1	0	0	0	7,7	12,12	7,13	0	0	0	0	0	0	17_36217593
17	61483614	2	0.001	GIAB	HG002_NA24385_son	1	0.973548	28	-1	0	4	1	0	0	0	20,28	20,20	20,29	0	0	0	0	0	0	17_61483614
18	24411787	4	0.001	GIAB	HG002_NA24385_son	1	1.0	6	1	1	3	1	0	0	0	6,6	5,5	6,6	0	0	0	0	0	0	18_24411787
18	60919039	4	0.001	GIAB	HG002_NA24385_son	1	1.0	11	1	0	4	1	0	0	0	10,11	10,12	10,9	0	0	0	0	0	0	18_60919039
18	77513800	4	0.001	GIAB	HG002_NA24385_son	1	1.0	5	-1	1	3	1	0	0	0	5,5	6,6	5,5	0	0	0	0	0	0	18_77513800
18	77542528	2	0.001	GIAB	HG002_NA24385_son	1	1.0	9	-1	1	3	0	0	2	2	9,9	10,10	9,9	0	0	0	0	0	0	18_77542528
18	77564213	4	0.001	GIAB	HG002_NA24385_son	1	0.998868	12	-1	1	3	1	0	0	0	12,12	13,13	12,13	0	0	0	0	0	0	18_77564213
18	77583866	3	0.001	GIAB	HG002_NA24385_son	1	1.0	8	1	1	3	1	0	0	0	8,8	7,7	7,8	0	0	0	0	0	0	18_77583866
18	77595026	4	0.001	GIAB	HG002_NA24385_son	1	1.0	4	-1	1	3	1	0	0	0	4,4	5,5	5,4	0	0	0	0	0	0	18_77595026
18	77596330	2	0.001	GIAB	HG002_NA24385_son	1	1.0	11	2	1	3	1	0	0	0	11,11	9,9	9,11	0	0	0	0	0	0	18_77596330
18	77644124	5	0.001	GIAB	HG002_NA24385_son	1	1.0	2	1	1	3	0	0	0	1	2,2	1,1	2,2	0	0	0	0	0	0	18_77644124
19	23196452	4	0.001	GIAB	HG002_NA24385_son	1	1.0	11	-1	0	4	1	0	0	0	6,11	6,6	6,12	0	0	0	0	0	0	19_23196452
19	35173582	4	0.001	GIAB	HG002_NA24385_son	1	1.0	3	1	1	2	0	0	2	1	3,3	3,2	2,2	0	0	0	0	0	0	19_35173582
19	35362282	4	0.001	GIAB	HG002_NA24385_son	1	0.997776	6	-1	1	3	0	0	2	2	6,6	7,7	6,6	0	0	0	0	0	0	19_35362282
19	43201820	2	0.001	GIAB	HG002_NA24385_son	1	0.985089	11	-3	1	3	0	0	2	1	11,11	14,14	11,14	0	0	0	0	0	0	19_43201820
19	43205849	2	0.001	GIAB	HG002_NA24385_son	1	1.0	11	1	1	3	0	0	2	1	11,11	10,10	11,10	0	0	0	0	0	0	19_43205849
19	53293219	2	0.001	GIAB	HG002_NA24385_son	1	1.0	23	-1	0	3	1	0	1	0	21,23	22,24	22,21	0	0	0	0	0	0	19_53293219
20	2015769	4	0.001	GIAB	HG002_NA24385_son	1	1.0	12	1	1	3	1	0	0	0	12,12	11,11	12,12	0	0	0	0	0	0	20_2015769
20	2185116	4	0.001	GIAB	HG002_NA24385_son	1	0.9954559999999999	12	1	0	4	1	0	0	0	11,12	11,10	11,11	0	0	0	0	0	0	20_2185116
20	7719361	2	0.001	GIAB	HG002_NA24385_son	1	1.0	16	4	1	2	1	0	0	0	16,16	12,16	12,12	0	0	0	0	0	0	20_7719361
20	16102448	3	0.001	GIAB	HG002_NA24385_son	1	1.0	2	-2	1	3	1	0	0	0	2,2	4,4	4,2	0	0	0	0	0	0	20_16102448
20	35615425	4	0.001	GIAB	HG002_NA24385_son	1	1.0	13	1	0	2	1	0	0	0	13,18	15,18	8,12	0	0	0	0	0	0	20_35615425
20	40311145	2	0.001	GIAB	HG002_NA24385_son	1	1.0	30	1	0	2	1	0	0	0	26,30	26,28	23,29	0	0	0	0	0	0	20_40311145
20	55024682	2	0.001	GIAB	HG002_NA24385_son	1	1.0	22	1	0	2	1	0	0	0	22,24	21,24	20,21	0	0	0	0	0	0	20_55024682
21	20686524	2	0.001	GIAB	HG002_NA24385_son	1	1.0	26	-1	1	2	0	0	2	1	26,26	26,27	24,27	0	0	0	0	0	0	21_20686524
22	10668868	2	0.001	GIAB	HG002_NA24385_son	1	0.9632870000000001	19	8	1	2	1	0	0	0	19,19	19,21	11,11	0	0	0	0	0	0	22_10668868
22	22443430	4	0.001	GIAB	HG002_NA24385_son	1	0.997343	11	1	1	3	1	0	0	0	11,11	10,10	11,11	0	0	0	0	0	0	22_22443430
22	22585062	2	0.001	GIAB	HG002_NA24385_son	1	1.0	11	2	0	4	1	0	1	0	11,9	9,9	9,9	0	0	0	0	0	0	22_22585062
22	22751782	2	0.001	GIAB	HG002_NA24385_son	1	0.997391	17	-4	0	3	1	0	0	0	18,17	21,21	18,20	0	0	0	0	0	0	22_22751782
22	22760934	2	0.001	GIAB	HG002_NA24385_son	1	0.9937370000000001	19	-3	0	4	1	0	0	0	19,22	22,22	21,22	0	0	0	0	0	0	22_22760934
22	27445466	3	0.001	GIAB	HG002_NA24385_son	1	1.0	18	1	0	2	1	0	0	0	15,18	14,15	16,17	0	0	0	0	0	0	22_27445466
22	29238255	3	0.001	GIAB	HG002_NA24385_son	1	0.9970399999999999	16	1	1	2	0	0	2	2	16,16	16,16	15,15	0	0	0	0	0	0	22_29238255
22	42621184	2	0.001	GIAB	HG002_NA24385_son	1	1.0	19	-1	1	2	0	0	2	1	19,19	14,19	18,20	0	0	0	0	0	0	22_42621184
22	43869746	2	0.001	GIAB	HG002_NA24385_son	1	1.0	23	1	0	2	1	0	0	0	23,25	14,25	22,27	0	0	0	0	0	0	22_43869746
