chrom	pos	hipstr.filtered.tab-period	hipstr.filtered.tab-prior	hipstr.filtered.tab-family	child	hipstr.filtered.tab-phenotype	hipstr.filtered.tab-posterior	hipstr.filtered.tab-newallele	hipstr.filtered.tab-mutsize	hipstr.filtered.tab-inparents	hipstr.filtered.tab-poocase	hipstr.filtered.tab-isnew	hipstr.filtered.tab-case_count	hipstr.filtered.tab-ctrl_count	hipstr.filtered.tab-unk_count	child_gt	mat_gt	pat_gt	hipstr.filtered.tab-encl_child	hipstr.filtered.tab-encl_mother	hipstr.filtered.tab-encl_father	hipstr.filtered.tab-encl_parent	hipstr.filtered.tab-long_mother	hipstr.filtered.tab-long_father	hipstr.filtered.tab-str_id	hipstr.filtered.tab-unit	gangstr.filtered.tab-period	gangstr.filtered.tab-prior	gangstr.filtered.tab-family	gangstr.filtered.tab-phenotype	gangstr.filtered.tab-posterior	gangstr.filtered.tab-newallele	gangstr.filtered.tab-mutsize	gangstr.filtered.tab-inparents	gangstr.filtered.tab-poocase	gangstr.filtered.tab-isnew	gangstr.filtered.tab-case_count	gangstr.filtered.tab-ctrl_count	gangstr.filtered.tab-unk_count	gangstr.filtered.tab-encl_child	gangstr.filtered.tab-encl_mother	gangstr.filtered.tab-encl_father	gangstr.filtered.tab-encl_parent	gangstr.filtered.tab-long_mother	gangstr.filtered.tab-long_father	gangstr.filtered.tab-str_id	gangstr.filtered.tab-unit
1	154423261	2	0.001	t0321	SC501108	1	1.0	14	2	0	2	0	0	0	1	14,23	12,23	12,12	0	0	0	0	0	0	1_154423261	True	2	0.001	t0321	1	1.0	14	2	0	2	0	0	1	1	12	0	0	0	0	0	1_154423261	True
2	19218735	2	0.001	t0474	SC109457	1	1.0	13	-6	0	3	1	0	0	0	13,18	19,21	18,21	0	0	0	0	0	0	2_19218735	True	2	0.001	t0474	1	1.0	13	-6	0	3	1	0	0	0	51	0	0	0	0	0	2_19218735	True
3	28498239	2	0.001	t0402	SC109446	1	0.998862	17	2	1	3	0	0	10	17	17,17	15,15	17,17	0	0	0	0	0	0	3_28498239	True	2	0.001	t0402	1	0.9834809999999999	17	2	1	3	0	0	10	17	20	0	45	0	0	0	3_28498239	True
3	58106353	2	0.001	t0334	SC074201	1	1.0	20	-2	0	4	1	0	0	0	12,20	12,23	12,22	0	0	0	0	0	0	3_58106353	True	2	0.001	t0334	1	0.998534	20	-2	0	4	1	0	0	0	5	0	0	0	0	0	3_58106353	True
3	75519901	3	0.001	t0605	SC260709	1	0.9984350000000001	10	-3	1	3	0	0	5	7	10,10	13,13	10,13	0	0	0	0	0	0	3_75519901	True	3	0.001	t0605	1	0.9598770000000001	10	-3	1	3	0	0	5	7	19	0	26	0	0	0	3_75519901	True
3	77006306	2	0.001	t0474	SC109457	1	1.0	16	-2	0	2	1	0	0	0	16,21	17,21	18,18	0	0	0	0	0	0	3_77006306	True	2	0.001	t0474	1	1.0	16	-2	0	2	1	0	0	0	30	0	0	0	0	0	3_77006306	True
4	125119996	2	0.001	t0474	SC109457	1	1.0	27	2	0	2	1	0	1	0	24,27	20,24	20,25	0	0	0	0	0	0	4_125119996	True	2	0.001	t0474	1	1.0	27	2	0	2	1	0	1	0	22	0	0	0	0	0	4_125119996	True
5	11382596	2	0.001	t0474	SC109457	1	1.0	26	2	0	4	0	0	0	1	24,26	24,33	24,28	0	0	0	0	0	0	5_11382596	True	2	0.001	t0474	1	1.0	26	2	0	4	0	0	0	1	17	0	0	0	0	0	5_11382596	True
5	71033413	2	0.001	t0311	SC501110	1	1.0	17	-2	1	2	1	0	0	0	17,17	17,17	19,19	0	0	0	0	0	0	5_71033413	True	2	0.001	t0311	1	0.9969120000000001	17	-2	1	2	1	0	0	0	39	62	0	0	0	0	5_71033413	True
6	38571975	2	0.001	t0612	SC260721	1	1.0	13	2	1	2	1	0	0	0	13,13	11,13	11,11	0	0	0	0	0	0	6_38571975	True	2	0.001	t0612	1	0.9925440000000001	13	2	1	2	1	0	0	0	25	20	0	0	0	0	6_38571975	True
6	84500344	2	0.001	t0311	SC501110	1	1.0	24	2	0	2	1	0	0	0	16,24	16,26	22,28	0	0	0	0	0	0	6_84500344	True	2	0.001	t0311	1	1.0	24	2	0	2	1	0	0	0	22	0	0	0	0	0	6_84500344	True
7	29634726	4	0.001	t0402	SC109446	1	1.0	7	-8	1	3	1	0	0	0	7,7	15,15	7,9	0	0	0	0	0	0	7_29634726	True	4	0.001	t0402	1	1.0	7	-8	1	3	1	0	0	0	30	0	25	0	0	0	7_29634726	True
9	75392961	2	0.001	t0402	SC109446	1	1.0	19	2	1	2	0	0	0	1	19,19	19,19	17,17	0	0	0	0	0	0	9_75392961	True	2	0.001	t0402	1	0.995876	19	2	1	2	0	0	0	1	20	34	0	0	0	0	9_75392961	True
10	17273459	2	0.001	t0474	SC109457	1	1.0	14	-2	1	2	0	0	12	17	14,14	14,14	16,16	0	0	0	0	0	0	10_17273459	True	2	0.001	t0474	1	1.0	14	-2	1	2	0	0	12	17	28	49	0	0	0	0	10_17273459	True
10	46899557	2	0.001	t0311	SC501110	1	1.0	14	-2	1	3	0	0	2	1	14,14	16,16	14,16	0	0	0	0	0	0	10_46899557	True	2	0.001	t0311	1	0.9988309999999999	14	-2	1	3	0	0	2	1	48	0	23	0	0	0	10_46899557	True
12	6107654	2	0.001	t0341	SC056073	1	1.0	11	2	0	4	1	0	0	0	9,11	9,9	9,9	0	0	0	0	0	0	12_6107654	True	2	0.001	t0341	1	1.0	11	2	0	4	1	0	0	0	33	0	0	0	0	0	12_6107654	True
12	29675590	2	0.001	t0341	SC056073	1	1.0	24	2	0	4	0	0	6	9	22,24	12,22	16,22	0	0	0	0	0	0	12_29675590	True	2	0.001	t0341	1	1.0	24	2	0	4	0	0	7	14	22	0	0	0	0	0	12_29675590	True
14	41180287	2	0.001	t0402	SC109446	1	0.998959	17	-2	1	2	0	0	7	15	17,17	17,17	19,19	0	0	0	0	0	0	14_41180287	True	2	0.001	t0402	1	0.9744149999999999	17	-2	1	2	0	0	7	13	21	20	0	0	0	0	14_41180287	True
14	41180537	2	0.001	t0612	SC260721	1	0.9873719999999999	12	-2	1	3	0	0	6	14	12,12	14,14	12,12	0	0	0	0	0	0	14_41180537	True	2	0.001	t0612	1	0.973383	12	-2	1	3	0	0	8	14	22	0	26	0	0	0	14_41180537	True
14	44293850	2	0.001	t0474	SC109457	1	1.0	18	-4	1	2	1	0	0	0	18,23	18,23	22,26	0	0	0	0	0	0	14_44293850	True	2	0.001	t0474	1	1.0	18	-4	1	2	1	0	0	0	27	29	0	0	0	0	14_44293850	True
14	98831450	2	0.001	t0311	SC501110	1	1.0	18	-2	1	2	0	0	6	15	18,19	18,19	20,21	0	0	0	0	0	0	14_98831450	True	2	0.001	t0311	1	1.0	18	-2	1	2	0	0	6	15	32	34	0	0	0	0	14_98831450	True
14	100390392	2	0.001	t0474	SC109457	1	1.0	21	-2	1	2	0	0	0	1	21,21	19,21	16,23	0	0	0	0	0	0	14_100390392	True	2	0.001	t0474	1	1.0	21	-2	1	2	0	0	0	1	44	13	0	0	0	0	14_100390392	True
15	61218675	2	0.001	t0311	SC501110	1	1.0	20	-2	1	3	1	0	0	0	20,20	22,22	20,20	0	0	0	0	0	0	15_61218675	True	2	0.001	t0311	1	0.9853569999999999	20	-2	1	3	1	0	0	0	32	0	50	0	0	0	15_61218675	True
18	10970661	2	0.001	t0474	SC109457	1	1.0	21	-2	0	2	1	0	0	0	21,25	23,25	23,24	0	0	0	0	0	0	18_10970661	True	2	0.001	t0474	1	1.0	21	-2	0	2	1	0	0	0	20	0	0	0	0	0	18_10970661	True
21	41618017	2	0.001	t0334	SC074201	1	1.0	10	-2	1	2	1	0	0	0	10,10	10,10	12,12	0	0	0	0	0	0	21_41618017	True	2	0.001	t0334	1	1.0	10	-2	1	2	1	0	0	0	31	27	0	0	0	0	21_41618017	True
21	41618017	2	0.001	t0321	SC501108	1	1.0	10	-2	1	2	1	0	0	0	10,10	10,10	12,12	0	0	0	0	0	0	21_41618017	True	2	0.001	t0321	1	1.0	10	-2	1	2	1	0	0	0	36	68	0	0	0	0	21_41618017	True
