Sample	Total	Total pct	Biallelic	Biallelic pct	Multiallelic	Multiallelic pct	SNPs	SNPs pct	Insertions (Hom)	Insertions (Hom) pct	Insertions (Het)	Insertions (Het) pct	Deletions (Hom)	Deletions (Hom) pct	Deletions (Het)	Deletions (Het) pct	Indels (Het)	Indels (Het) pct	Chr X number of SNPs over target region	Chr Y number of SNPs over target region	(Chr X SNPs)/(chr Y SNPs) ratio over target region	SNP Transitions	SNP Transversions	Ti/Tv ratio	Heterozygous	Homozygous	Het/Hom ratio	In dbSNP	In dbSNP pct	Not in dbSNP	Not in dbSNP pct	Percent Callability	Percent Autosome Callability	Insertions	Deletions	Indels	Insertions pct	Deletions pct	Indels pct	Number of samples	Reads Processed	Child Sample
SC501095	4849223	100.0	4757052	98.1	92171	1.9	3900154	80.43	161012	3.32	288401	5.95	163022	3.36	286705	5.91	25002	0.52	91053	3230	28.19	3621240	1824144	1.99	2872860	1867305	1.54	0	0.0	0	0.0	NA	NA	449413	449727	899140	9.267732170700336	9.274207434881836	18.541939605582172	1	2316063969	NA
SC501096	4904207	100.0	4809561	98.07	94646	1.93	3944868	80.44	166602	3.4	300390	6.13	168706	3.44	297825	6.07	25816	0.53	127061	0	NA	3680670	1852806	1.99	2982212	1921995	1.55	0	0.0	0	0.0	NA	NA	466992	466531	933523	9.522273427691776	9.512873335077414	19.03514676276919	1	2170386469	NA
SC501105	4885301	100.0	4790320	98.06	94981	1.94	3927275	80.39	165319	3.38	300708	6.16	167590	3.43	298622	6.11	25787	0.53	119994	0	NA	3658247	1839386	1.99	2984076	1901225	1.57	0	0.0	0	0.0	NA	NA	466027	466212	932239	9.539371269037465	9.543158139078841	19.082529408116304	1	2311557292	NA
SC501108	4867227	100.0	4775190	98.11	92037	1.89	3915796	80.45	157870	3.24	292712	6.01	160113	3.29	290653	5.97	25129	0.52	91754	3585	25.59	3616992	1822458	1.98	2917494	1839626	1.59	0	0.0	0	0.0	NA	NA	450582	450766	901348	9.25746836956649	9.261248756221972	18.518717125788463	1	2181896290	NA
SC501110	4884094	100.0	4790166	98.08	93928	1.92	3927186	80.41	166358	3.41	299005	6.12	168367	3.45	297585	6.09	25593	0.52	121124	0	NA	3666200	1843585	1.99	2968632	1915462	1.55	0	0.0	0	0.0	NA	NA	465363	465952	931315	9.528133569910818	9.540193124866148	19.068326694776964	1	1947288927	NA
SC501111	4844316	100.0	4752255	98.1	92061	1.9	3895660	80.42	159035	3.28	289997	5.99	160947	3.32	288473	5.95	24836	0.51	91660	3578	25.62	3606678	1813612	1.99	2891153	1842530	1.57	0	0.0	0	0.0	NA	NA	449032	449420	898452	9.269254937126314	9.277264323797208	18.546519260923525	1	2096188887	NA
SD162355	4896047	100.0	4801576	98.07	94471	1.93	3938031	80.43	157740	3.22	295676	6.04	159246	3.25	294462	6.01	25467	0.52	91564	4341	21.09	3631134	1830165	1.98	2946131	1838147	1.6	0	0.0	0	0.0	NA	NA	453416	453708	907124	9.260858811200137	9.266822806235316	18.527681617435455	1	2281812159	NA
SD162357	4877362	100.0	4783570	98.08	93792	1.92	3920613	80.38	159878	3.28	292124	5.99	161321	3.31	292921	6.01	25494	0.52	90167	4561	19.77	3630979	1826726	1.99	2912123	1856289	1.57	0	0.0	0	0.0	NA	NA	452002	454242	906244	9.267345749608086	9.313272215595234	18.580617965203324	1	1993279589	NA
SD162359	4946727	100.0	4849009	98.02	97718	1.98	3979858	80.45	163646	3.31	305713	6.18	165584	3.35	305231	6.17	26695	0.54	124885	0	NA	3688224	1858432	1.98	3052829	1893898	1.61	0	0.0	0	0.0	NA	NA	469359	470815	940174	9.488273761620562	9.517707364889956	19.00598112651052	1	2356069213	NA
