Sample	CATEGORY	TOTAL_READS	PF_READS	PCT_PF_READS	PF_NOISE_READS	PF_READS_ALIGNED	PCT_PF_READS_ALIGNED	PF_ALIGNED_BASES	PF_HQ_ALIGNED_READS	PF_HQ_ALIGNED_BASES	PF_HQ_ALIGNED_Q20_BASES	PF_HQ_MEDIAN_MISMATCHES	PF_MISMATCH_RATE	PF_HQ_ERROR_RATE	PF_INDEL_RATE	MEAN_READ_LENGTH	READS_ALIGNED_IN_PAIRS	PCT_READS_ALIGNED_IN_PAIRS	PF_READS_IMPROPER_PAIRS	PCT_PF_READS_IMPROPER_PAIRS	BAD_CYCLES	STRAND_BALANCE	PCT_CHIMERAS	PCT_ADAPTER	SAMPLE	LIBRARY	READ_GROUP
SC501095	PAIR	2236045710.0	2236045710.0	1.0	0.0	2235977071.0	0.999969	319742262213.0	2082006266.0	299338876541.0	295543955525.0	0.0	0.003851	0.003192	0.000225	143.819514	2235937614.0	0.999982	49482077.0	0.02213	0.0	0.499992	0.028012	0.0			
SC501096	PAIR	2053740470.0	2053740470.0	1.0	0.0	2053680198.0	0.999971	298957105637.0	1931156806.0	282464060074.0	278222108479.0	0.0	0.004069	0.003487	0.000224	146.332464	2053642182.0	0.999981	46628934.0	0.022705	0.0	0.500005	0.027565	0.0			
SC501105	PAIR	2301718978.0	2301718978.0	1.0	0.0	2301648051.0	0.999969	327261210599.0	2155801550.0	308176062132.0	304248941668.0	0.0	0.003732	0.003136	0.000227	142.932329	2301609564.0	0.999983	45567005.0	0.019798	0.0	0.500008	0.025405	0.0			
SC501108	PAIR	2087941942.0	2087941942.0	1.0	0.0	2087881752.0	0.999971	301851617361.0	1947035582.0	283037635830.0	278748158457.0	0.0	0.004323	0.00361	0.000234	145.427973	2087844476.0	0.999982	45464056.0	0.021775	0.0	0.500002	0.027715	0.0			
SC501110	PAIR	1949619224.0	1949619224.0	1.0	0.0	1949559753.0	0.999969	282574160173.0	1830510144.0	266462654421.0	262844230496.0	0.0	0.003866	0.003338	0.000215	145.609739	1949521434.0	0.99998	40151049.0	0.020595	0.0	0.500006	0.025005	0.0			
SC501111	PAIR	2193463826.0	2193463826.0	1.0	0.0	2193395992.0	0.999969	318680877792.0	2052070962.0	299743130162.0	295645831437.0	0.0	0.004125	0.003423	0.000237	146.144295	2193353810.0	0.999981	56002408.0	0.025532	0.0	0.499998	0.031199	0.0			
SD162355	PAIR	2392718032.0	2392718032.0	1.0	0.0	2392636226.0	0.999966	341204086973.0	2237371221.0	320764961678.0	317343462659.0	0.0	0.003571	0.002964	0.000226	143.434625	2392596266.0	0.999983	61436694.0	0.025677	0.0	0.499991	0.032029	0.0			
SD162357	PAIR	2314239742.0	2314239742.0	1.0	0.0	2314158512.0	0.999965	337171699926.0	2171381819.0	317811332664.0	314480214911.0	0.0	0.003397	0.002802	0.00022	146.436456	2314114090.0	0.999981	55584130.0	0.024019	0.0	0.499989	0.029271	0.0			
SD162359	PAIR	2481729084.0	2481729084.0	1.0	0.0	2481645451.0	0.999966	353739553449.0	2334866811.0	334436484231.0	331290556749.0	0.0	0.003273	0.002773	0.000223	143.250089	2481607712.0	0.999985	49396871.0	0.019905	0.0	0.500001	0.025398	0.0			
