Sample	GENOME_TERRITORY	MEAN_COVERAGE	SD_COVERAGE	MEDIAN_COVERAGE	MAD_COVERAGE	PCT_EXC_ADAPTER	PCT_EXC_MAPQ	PCT_EXC_DUPE	PCT_EXC_UNPAIRED	PCT_EXC_BASEQ	PCT_EXC_OVERLAP	PCT_EXC_CAPPED	PCT_EXC_TOTAL	PCT_1X	PCT_5X	PCT_10X	PCT_15X	PCT_20X	PCT_25X	PCT_30X	PCT_40X	PCT_50X	PCT_60X	PCT_70X	PCT_80X	PCT_90X	PCT_100X	FOLD_80_BASE_PENALTY	FOLD_90_BASE_PENALTY	FOLD_95_BASE_PENALTY	HET_SNP_SENSITIVITY	HET_SNP_Q
SC501095	3043453562.0	81.937604	28.370328	89.0	10.0	1e-06	0.071318	0.037609	4e-06	0.011026	0.100527	0.008221	0.228706	0.946913	0.941861	0.938902	0.936622	0.934521	0.932299	0.929407	0.914835	0.882715	0.854163	0.815876	0.705868	0.473711	0.211758	1.138022	1.862218	?	0.944958	13.0
SC501096	3043453562.0	80.242217	26.829487	86.0	9.0	0.0	0.062535	0.035568	5e-06	0.013308	0.072142	0.008223	0.191781	0.941231	0.936058	0.93327	0.931117	0.929163	0.927221	0.925083	0.919185	0.909257	0.889627	0.833164	0.670439	0.386845	0.138649	1.114475	1.458949	?	0.939224	12.0
SC501105	3043453562.0	80.600423	26.836211	86.0	9.0	1e-06	0.065829	0.064475	4e-06	0.010606	0.109546	0.008135	0.258596	0.94131	0.936241	0.933418	0.931254	0.929324	0.927446	0.925438	0.920091	0.911454	0.894391	0.841006	0.677456	0.390373	0.14187	1.104115	1.414043	?	0.939372	12.0
SC501108	3043453562.0	77.011117	26.864694	83.0	10.0	0.0	0.071446	0.056799	5e-06	0.012704	0.083413	0.009041	0.233408	0.946903	0.941704	0.938705	0.936357	0.934166	0.931702	0.927954	0.907572	0.873177	0.843214	0.776607	0.59433	0.316065	0.10545	1.14942	1.833598	?	0.944869	13.0
SC501110	3043453562.0	71.446783	24.145382	76.0	8.0	4e-06	0.062343	0.073745	5e-06	0.011133	0.08235	0.007287	0.236867	0.941145	0.935884	0.932883	0.930525	0.928379	0.926183	0.923627	0.916015	0.901459	0.856266	0.694866	0.384204	0.1241	0.025955	1.116356	1.428936	?	0.939105	12.0
SC501111	3043453562.0	78.571931	27.191276	85.0	10.0	1e-06	0.068369	0.106494	5e-06	0.01043	0.065269	0.008451	0.259018	0.947014	0.941939	0.93904	0.936776	0.934672	0.932386	0.929079	0.910558	0.876862	0.849848	0.796971	0.638371	0.362193	0.12742	1.138724	1.827254	?	0.945039	13.0
SD162355	3043453562.0	81.00316	28.322854	87.0	11.0	2e-06	0.067691	0.096303	4e-06	0.008203	0.104572	0.008954	0.285729	0.946514	0.941457	0.938483	0.936182	0.934062	0.931768	0.92841	0.909638	0.87775	0.855149	0.813941	0.681827	0.436423	0.193961	1.14089	1.883794	?	0.944577	13.0
SD162357	3043453562.0	76.274787	26.901273	82.0	10.0	0.0	0.06411	0.172185	4e-06	0.006931	0.065821	0.009311	0.318362	0.946806	0.941673	0.938707	0.936345	0.934126	0.931506	0.926837	0.902327	0.871896	0.844915	0.763072	0.559921	0.293964	0.104084	1.155679	1.90687	?	0.944822	13.0
SD162359	3043453562.0	84.736576	28.021616	90.0	10.0	1e-06	0.06141	0.09134	3e-06	0.00741	0.108428	0.009668	0.27826	0.941284	0.93608	0.933259	0.931126	0.929208	0.927345	0.925432	0.92075	0.913829	0.902536	0.871078	0.761488	0.521781	0.246126	1.100475	1.389124	?	0.939311	12.0
