Sample	LIBRARY	UNPAIRED_READS_EXAMINED	READ_PAIRS_EXAMINED	SECONDARY_OR_SUPPLEMENTARY_RDS	UNMAPPED_READS	UNPAIRED_READ_DUPLICATES	READ_PAIR_DUPLICATES	READ_PAIR_OPTICAL_DUPLICATES	PERCENT_DUPLICATION	ESTIMATED_LIBRARY_SIZE
SC501095	SC501095_CATTGCCT-CTGAGATC	39457.0	1117968807.0	34328030.0	68639.0	25820.0	48158813.0	26748099.0	0.043088	27442692517.0
SC501096	SC501096_TCTAACGC-ATAAGGCG	38016.0	1026821091.0	30683919.0	60272.0	22459.0	41123777.0	16373864.0	0.04006	20288198830.0
SC501105	SC501105_CAACCTAG-ACAGACCT	38487.0	1150804782.0	34679476.0	70927.0	25338.0	80184879.0	51690388.0	0.069687	20830023421.0
SC501108	SC501108_TTACCGAG-CCAAGACT	37276.0	1043922238.0	36039903.0	60190.0	22950.0	64713344.0	42794314.0	0.062	22527774639.0
SC501110	SC501110_GACTTAGG-CGAAGAAC	38319.0	974760717.0	23332186.0	59471.0	23832.0	76443897.0	55524024.0	0.078434	19888425272.0
SC501111	SC501111_GAACGCTT-CTGCACTT	42182.0	1096676905.0	37729015.0	67834.0	26914.0	123338182.0	94526695.0	0.112475	17093224127.0
SD162355	SD162355_GTAGAGCA-CGGTCATA	39960.0	1196298133.0	37816176.0	81806.0	26282.0	120839603.0	91751621.0	0.101021	20601434092.0
SD162357	SD162357_CAGAATCG-TCAACTGG	44422.0	1157057045.0	31629694.0	81230.0	29256.0	205489560.0	181637286.0	0.177606	19618024693.0
SD162359	SD162359_CGTACGAA-CCGTATCT	37739.0	1240803856.0	34538420.0	83633.0	24597.0	117555305.0	87847214.0	0.09475	21986852388.0
