Sample	total_reads	Yeast counts	Yeast percentage	Ecoli counts	Ecoli percentage	PhiX counts	PhiX percentage	Lambda counts	Lambda percentage	Vectors counts	Vectors percentage	Adapters counts	Adapters percentage	Cow counts	Cow percentage	Pig counts	Pig percentage	No hits counts	No hits percentage
SC501095_B22CHLTLT3	100002	523.0	0.52	0.0	0.0	0.0	0.0	0.0	0.0	76.0	0.08	0.0	0.0	13928.0	13.920000000000002	15903.0	15.899999999999999	81141	81.14
SC501096_B22CHLTLT3	99997	533.0	0.53	0.0	0.0	0.0	0.0	0.0	0.0	77.0	0.06999999999999999	0.0	0.0	14454.0	14.46	16418.0	16.41	80457	80.46
SC501105_B22CHLTLT3	99996	470.0	0.47	0.0	0.0	1.0	0.0	0.0	0.0	65.0	0.07	0.0	0.0	14078.0	14.08	15962.0	15.96	80976	80.98
SC501108_B22CHLTLT3	99997	577.0	0.5800000000000001	0.0	0.0	0.0	0.0	0.0	0.0	70.0	0.07	0.0	0.0	14269.0	14.27	16163.0	16.16	80797	80.8
SC501110_B22CHLTLT3	100000	582.0	0.5800000000000001	0.0	0.0	0.0	0.0	0.0	0.0	96.0	0.1	0.0	0.0	14514.0	14.51	15998.0	15.99	80800	80.8
SC501111_B22CHLTLT3	100002	579.0	0.5800000000000001	0.0	0.0	0.0	0.0	0.0	0.0	73.0	0.08	0.0	0.0	14130.0	14.129999999999999	16206.0	16.2	80821	80.82
SD162355_A22FKHJLT3	99996	535.0	0.53	0.0	0.0	0.0	0.0	0.0	0.0	73.0	0.07	0.0	0.0	14170.0	14.18	15932.0	15.94	81026	81.03
SD162357_A22FKHJLT3	100001	542.0	0.54	0.0	0.0	0.0	0.0	0.0	0.0	94.0	0.08	0.0	0.0	14276.0	14.27	16073.0	16.07	80900	80.9
SD162359_A22FKHJLT3	99997	505.0	0.51	0.0	0.0	0.0	0.0	0.0	0.0	86.0	0.1	0.0	0.0	14079.0	14.080000000000002	15829.0	15.82	81077	81.08
